Webots Project File version R2025a
perspectives: 000000ff00000000fd00000002000000010000011c000003adfc0200000001fb0000001400540065007800740045006400690074006f00720000000019000003ad0000004000ffffff00000003000007800000003afc0100000001fb0000001a0043006f006e0073006f006c00650041006c006c0041006c006c0100000000000007800000000000000000000007840000041400000001000000020000000100000008fc00000000
simulationViewPerspectives: 000000ff000000010000000200000181000005fd0100000002010000000100
sceneTreePerspectives: 000000ff000000010000000300000022000000c0000000fa0100000002010000000200
minimizedPerspectives: 000000ff00000000fd00000002000000010000011c000003adfc0200000001fb0000001400540065007800740045006400690074006f00720000000019000003ad0000004000ffffff00000003000007800000003afc0100000001fb0000001a0043006f006e0073006f006c00650041006c006c0041006c006c010000000000000780000000000000000000000780000003ad00000001000000020000000100000008fc00000000
maximizedDockId: 0
centralWidgetVisible: 1
projectionMode: ORTHOGRAPHIC
renderingMode: PLAIN
orthographicViewHeight: 1.90994
textFiles: -1
globalOptionalRendering: CameraFrustums::LidarRaysPaths::LidarPointClouds
renderingDevicePerspectives: robot:camera;1;0.335938;0;0
